image: ucar_2022.pgm
resolution: 0.010000
origin: [-1.000000, -11.240000, 0.000000]
negate: 0
occupied_thresh: 0.65
free_thresh: 0.196

